log=log_x8_0 depth=1024 segment=64 width=276 segments=16
extradata trigger marks: 16  at samples [63, 64, 128, 192, 256, 320, 384, 448, 512, 576, 640, 704, 768, 832, 896, 960]
  order=fwd       trigger-sample streamer_valid hits: 2/16
  order=rev       trigger-sample streamer_valid hits: 0/16
  order=revsample trigger-sample streamer_valid hits: 0/16
  order=revrow    trigger-sample streamer_valid hits: 0/16
chosen order: fwd

seg  smp  | V  xbar_dout0_data  | V  degrouped_data   | V  xbar_demuxed_data R  W  | V  ostream_t_data   STB L 
---------------------------------------------------------------------------------------------------------------
0    63   | 1  5098505850855069 | 1  5098505850855069 | 0  5098505850855069 1  0  | 0  0000000000000000 00  0 
1    0    | 1  5098505850855069 | 1  5098505850855069 | 1  5098505850855069 1  0  | 0  0000000000000000 00  0 
2    0    | 0  0000000000000000 | 0  0000000000000000 | 1  5098505850855069 1  0  | 0  0000000000000000 00  0 
3    0    | 0  0000000000000000 | 0  0000000000000000 | 0  0000000000000000 1  0  | 1  5098505850855069 ff  0 
4    0    | 0  0000000000000000 | 0  0000000000000000 | 0  0000000000000000 1  0  | 1  4f8b50bc50f2506c ff  0 
5    0    | 0  0000000000000000 | 0  0000000000000000 | 0  0000000000000000 1  0  | 1  4f8b50bc50f2506c ff  0 
6    0    | 0  0000000000000000 | 0  0000000000000000 | 0  0000000000000000 1  0  | 1  4f8b50bc50f2506c ff  0 
7    0    | 0  0000000000000000 | 0  0000000000000000 | 0  0000000000000000 1  0  | 1  4f8b50bc50f2506c ff  0 
8    0    | 0  0000000000000000 | 0  0000000000000000 | 0  0000000000000000 1  0  | 1  4f8b50bc50f2506c ff  0 
9    0    | 0  0000000000000000 | 0  0000000000000000 | 0  0000000000000000 1  0  | 1  4f8b50bc50f2506c ff  0 
10   0    | 0  0000000000000000 | 0  0000000000000000 | 0  0000000000000000 1  0  | 1  4f8b50bc50f2506c ff  0 
11   0    | 0  0000000000000000 | 0  0000000000000000 | 0  0000000000000000 1  0  | 1  4f8b50bc50f2506c ff  0 
12   0    | 0  0000000000000000 | 0  0000000000000000 | 0  0000000000000000 1  0  | 1  4f8b50bc50f2506c ff  0 
13   0    | 0  0000000000000000 | 0  0000000000000000 | 0  0000000000000000 1  0  | 1  4f8b50bc50f2506c ff  0 
14   0    | 0  0000000000000000 | 0  0000000000000000 | 0  0000000000000000 1  0  | 1  4f8b50bc50f2506c ff  0 
15   0    | 0  0000000000000000 | 0  0000000000000000 | 0  0000000000000000 1  0  | 1  4f8b50bc50f2506c ff  0 
15   1    | 0  0000000000000000 | 0  0000000000000000 | 0  0000000000000000 1  0  | 1  4f8b50bc50f2506c ff  0 
15   2    | 0  0000000000000000 | 0  0000000000000000 | 0  0000000000000000 1  0  | 1  4f8b50bc50f2506c ff  0 
15   3    | 0  0000000000000000 | 0  0000000000000000 | 0  0000000000000000 1  0  | 1  4f8b50bc50f2506c ff  0 
15   4    | 0  0000000000000000 | 0  0000000000000000 | 0  0000000000000000 1  0  | 1  4f8b50bc50f2506c ff  0 
15   5    | 0  0000000000000000 | 0  0000000000000000 | 0  0000000000000000 1  0  | 1  4f8b50bc50f2506c ff  0 
15   6    | 0  0000000000000000 | 0  0000000000000000 | 0  0000000000000000 1  0  | 1  4f8b50bc50f2506c ff  0 
15   7    | 0  0000000000000000 | 0  0000000000000000 | 0  0000000000000000 1  0  | 1  4f8b50bc50f2506c ff  0 
15   8    | 0  0000000000000000 | 0  0000000000000000 | 0  0000000000000000 1  0  | 1  4f8b50bc50f2506c ff  0 
15   9    | 0  0000000000000000 | 0  0000000000000000 | 0  0000000000000000 1  0  | 1  4f8b50bc50f2506c ff  0 
15   10   | 0  0000000000000000 | 0  0000000000000000 | 0  0000000000000000 1  0  | 1  4f8b50bc50f2506c ff  0 
15   11   | 0  0000000000000000 | 0  0000000000000000 | 0  0000000000000000 1  0  | 1  4f8b50bc50f2506c ff  0 
15   12   | 0  0000000000000000 | 0  0000000000000000 | 0  0000000000000000 1  0  | 1  4f8b50bc50f2506c ff  0 
15   13   | 0  0000000000000000 | 0  0000000000000000 | 0  0000000000000000 1  0  | 1  4f8b50bc50f2506c ff  0 
15   14   | 0  0000000000000000 | 0  0000000000000000 | 0  0000000000000000 1  0  | 1  4f8b50bc50f2506c ff  0 
15   15   | 0  0000000000000000 | 0  0000000000000000 | 0  0000000000000000 1  0  | 1  4f8b50bc50f2506c ff  0 
15   16   | 0  0000000000000000 | 0  0000000000000000 | 0  0000000000000000 1  0  | 1  4f8b50bc50f2506c ff  0 
15   17   | 0  0000000000000000 | 0  0000000000000000 | 0  0000000000000000 1  0  | 1  4f8b50bc50f2506c ff  0 
15   18   | 0  0000000000000000 | 0  0000000000000000 | 0  0000000000000000 1  0  | 1  5098505850855069 0f  1 
15   19   | 0  0000000000000000 | 0  0000000000000000 | 0  0000000000000000 1  0  | 1  5098505850855069 0f  1 
15   20   | 0  0000000000000000 | 0  0000000000000000 | 0  0000000000000000 1  0  | 1  5098505850855069 0f  1 
15   21   | 0  0000000000000000 | 0  0000000000000000 | 0  0000000000000000 1  0  | 1  5098505850855069 0f  1 
15   22   | 0  0000000000000000 | 0  0000000000000000 | 0  0000000000000000 1  0  | 1  5098505850855069 0f  1 
15   23   | 0  0000000000000000 | 0  0000000000000000 | 0  0000000000000000 1  0  | 1  5098505850855069 0f  1 
15   24   | 0  0000000000000000 | 0  0000000000000000 | 0  0000000000000000 1  0  | 1  5098505850855069 0f  1 
15   25   | 0  0000000000000000 | 0  0000000000000000 | 0  0000000000000000 1  0  | 1  5098505850855069 0f  1 
15   26   | 0  0000000000000000 | 0  0000000000000000 | 0  0000000000000000 1  0  | 1  5098505850855069 0f  1 
15   27   | 0  0000000000000000 | 0  0000000000000000 | 0  0000000000000000 1  0  | 1  5098505850855069 0f  1 
15   28   | 0  0000000000000000 | 0  0000000000000000 | 0  0000000000000000 1  0  | 1  5098505850855069 0f  1 
15   29   | 0  0000000000000000 | 0  0000000000000000 | 0  0000000000000000 1  0  | 1  5098505850855069 0f  1 
15   30   | 0  0000000000000000 | 0  0000000000000000 | 0  0000000000000000 1  0  | 1  5098505850855069 0f  1 
15   31   | 0  0000000000000000 | 0  0000000000000000 | 0  0000000000000000 1  0  | 1  5098505850855069 0f  1 

valid-cycle totals over 1024 samples: {'xbar_dout0_valid': 2, 'w_degrouped_xbar_dout0_valid': 2, 'xbar_streamer_wa_valid': 2, 'o_ostream_axi_t_valid': 44}

distinct 64-bit values while the corresponding valid is high:
  xbar_dout0_data      : 1 distinct
      5098505850855069  (fp16 lanes: 5069 5085 5058 5098)  x2
  degrouped_dout0_data : 1 distinct
      5098505850855069  (fp16 lanes: 5069 5085 5058 5098)  x2
  xbar_demuxed_data    : 1 distinct
      5098505850855069  (fp16 lanes: 5069 5085 5058 5098)  x2
  ostream_axi_t_data   : 2 distinct
      4f8b50bc50f2506c  (fp16 lanes: 506c 50f2 50bc 4f8b)  x29
      5098505850855069  (fp16 lanes: 5069 5085 5058 5098)  x15
